20 20
-10 9 -2 -5 11 8 14 17 15 17 12 -1 -1 13 7 -1 4 -7 17 10 
-8 -8 19 -5 -3 -9 10 10 -4 -7 -7 -4 12 2 1 -4 12 17 -7 7 
7 7 8 16 0 -5 -4 14 -10 15 4 15 9 -4 -10 16 19 3 -2 -5 
6 2 -7 -9 6 -4 -3 -2 16 0 7 3 10 -5 -1 -10 -8 -3 7 14 
15 13 9 4 19 2 -7 10 7 1 7 -7 5 10 16 -9 9 15 -9 5 
18 8 18 8 5 19 8 7 19 17 2 6 11 13 12 2 17 15 -7 4 
19 2 0 4 15 -4 -2 4 -8 -9 11 12 10 1 0 -5 0 10 5 -9 
8 17 7 -1 2 -8 11 0 9 6 6 8 19 16 15 6 15 15 -10 9 
16 11 1 -2 -8 11 -4 -6 -7 11 18 11 0 -3 12 12 -1 -4 14 19 
4 1 -1 -5 19 16 11 14 11 11 3 0 -6 6 8 18 19 6 -7 -7 
-3 -9 14 -1 -2 -1 14 0 5 8 -1 19 11 0 -5 11 -3 16 -3 10 
0 3 -10 -4 19 1 -5 19 17 -2 14 17 -9 8 -4 -9 9 -10 1 -6 
1 2 16 -8 13 13 5 12 9 5 2 11 18 3 18 9 6 -7 8 3 
-7 2 -8 16 13 -1 17 2 -9 -9 -1 -6 -5 -5 19 10 18 4 2 -1 
19 15 13 9 -10 11 -1 6 6 9 11 1 -8 14 -3 7 15 -6 11 16 
17 -10 -9 15 17 -10 5 15 -4 18 17 18 5 10 7 -3 1 16 5 9 
6 -4 -10 0 -10 -3 9 15 -7 0 4 13 -7 -3 8 -10 19 -7 8 -5 
13 5 15 -10 -5 3 19 -2 -9 4 9 -1 11 9 1 3 8 12 -9 3 
-7 -3 -4 18 4 6 18 3 2 6 0 -5 13 -4 18 10 1 9 18 -6 
-6 7 -4 7 18 7 12 -2 -8 13 12 -5 -10 10 15 -4 -3 13 9 1 
